1.000000e-02 5.132255e-02
1.614141e-01 1.912811e-01
3.128283e-01 2.465353e-01
4.642424e-01 2.775368e-01
6.156566e-01 2.948455e-01
7.670707e-01 3.031287e-01
9.184848e-01 3.050581e-01
1.069899e+00 3.023776e-01
1.221313e+00 2.963161e-01
1.372727e+00 2.877818e-01
1.524141e+00 2.774659e-01
1.675556e+00 2.659050e-01
1.826970e+00 2.535204e-01
1.978384e+00 2.406445e-01
2.129798e+00 2.275403e-01
2.281212e+00 2.144149e-01
2.432626e+00 2.014307e-01
2.584040e+00 1.887137e-01
2.735455e+00 1.763599e-01
2.886869e+00 1.644410e-01
3.038283e+00 1.530086e-01
3.189697e+00 1.420979e-01
3.341111e+00 1.317310e-01
3.492525e+00 1.219189e-01
3.643939e+00 1.126640e-01
3.795354e+00 1.039616e-01
3.946768e+00 9.580179e-02
4.098182e+00 8.817012e-02
4.249596e+00 8.104902e-02
4.401010e+00 7.441852e-02
4.552424e+00 6.825700e-02
4.703838e+00 6.254173e-02
4.855253e+00 5.724939e-02
5.006667e+00 5.235644e-02
5.158081e+00 4.783943e-02
5.309495e+00 4.367528e-02
5.460909e+00 3.984143e-02
5.612323e+00 3.631603e-02
5.763737e+00 3.307804e-02
5.915152e+00 3.010730e-02
6.066566e+00 2.738460e-02
6.217980e+00 2.489172e-02
6.369394e+00 2.261141e-02
6.520808e+00 2.052743e-02
6.672222e+00 1.862452e-02
6.823636e+00 1.688837e-02
6.975051e+00 1.530561e-02
7.126465e+00 1.386379e-02
7.277879e+00 1.255131e-02
7.429293e+00 1.135740e-02
7.580707e+00 1.027206e-02
7.732121e+00 9.286078e-03
7.883535e+00 8.390901e-03
8.034949e+00 7.578656e-03
8.186364e+00 6.842087e-03
8.337778e+00 6.174516e-03
8.489192e+00 5.569808e-03
8.640606e+00 5.022329e-03
8.792020e+00 4.526914e-03
8.943434e+00 4.078833e-03
9.094848e+00 3.673755e-03
9.246263e+00 3.307723e-03
9.397677e+00 2.977121e-03
9.549091e+00 2.678650e-03
9.700505e+00 2.409301e-03
9.851919e+00 2.166333e-03
1.000333e+01 1.947249e-03
1.015475e+01 1.749778e-03
1.030616e+01 1.571857e-03
1.045758e+01 1.411609e-03
1.060899e+01 1.267329e-03
1.076040e+01 1.137474e-03
1.091182e+01 1.020641e-03
1.106323e+01 9.155583e-04
1.121465e+01 8.210761e-04
1.136606e+01 7.361519e-04
1.151747e+01 6.598425e-04
1.166889e+01 5.912949e-04
1.182030e+01 5.297380e-04
1.197172e+01 4.744751e-04
1.212313e+01 4.248766e-04
1.227455e+01 3.803744e-04
1.242596e+01 3.404559e-04
1.257737e+01 3.046583e-04
1.272879e+01 2.725649e-04
1.288020e+01 2.437995e-04
1.303162e+01 2.180237e-04
1.318303e+01 1.949324e-04
1.333444e+01 1.742511e-04
1.348586e+01 1.557326e-04
1.363727e+01 1.391545e-04
1.378869e+01 1.243171e-04
1.394010e+01 1.110404e-04
1.409152e+01 9.916294e-05
1.424293e+01 8.853955e-05
1.439434e+01 7.903983e-05
1.454576e+01 7.054670e-05
1.469717e+01 6.295506e-05
1.484859e+01 5.617059e-05
1.500000e+01 5.010868e-05
